0.3044374316604763, 0.3226636495536631, -0.27002732638301213
-0.09275586742425265, -0.10043374161513247, -0.3160412142412097
0.09107492151905466, 0.15470417745024972, 0.08035149043964167
-0.14714810708385637, 0.3009308534968113, 0.38178128347436213
-0.3312387211139753, 0.022190788034387968, 0.06216145082111335
0.3840940639699519, 0.13986713248005828, -0.0896941504257503
-0.04667386349792296, -0.21730114057865302, 0.5218394676823754
0.13309315246131226, -0.12204422823289693, -0.10902157943072303
0.1636414261387221, 0.28956256799021834, -0.1538284952024938
-0.10326849980644556, 0.030438700523754924, 0.14196877619465376
0.19874980366668174, 0.03915020482751268, 0.5641135869812698
0.0886418126456502, -0.024366484754957073, -0.20942771624456055
-3.421817069894362e-05, 0.10329115852317959, 0.09377339210118864
-0.19812130788400673, -0.3240510405514571, 0.055470017834637994
0.23735092817742237, 0.038978440014785856, -0.052770417021895145
-0.03445457858630316, -0.4380837839691138, 0.06428955394838286
-0.24533829530060872, -0.15094619444389465, -0.034099399707201536
-0.4322535647486557, 0.035364685641841136, 0.06300627550146726
0.15285322675887938, -0.12648671155828192, -0.03202562570852652
-0.24222080520087808, 0.0017146498985046166, 0.051765544723328547
0.05198534858548063, 0.007904705066123938, 0.12363447739818868
0.16250960783161383, 0.06480319272421911, -0.4125418086705539
-0.03863140284539659, 0.05025097614649611, -0.21713241315407478
0.2268918515751612, -0.20820011012056674, 0.07766445314181777
-0.0014485839436597786, -0.14520412359724347, 0.5908068533409132
-0.04767873250703961, -0.13387667143585189, -0.08451382897656393
0.054763194228796094, -0.19265620051512555, -0.061674143716888424
0.3270038127697169, 0.05060781252104783, 0.5490662981677616
-0.016339194704738907, 0.016327096914459088, -0.09321187914438775
-0.21625890826253524, 0.28465035272472117, 0.2364230296726025
-0.1454195438773575, -0.41952796376640067, 0.1083440898148165
0.018062752816420412, 0.13710687373804173, -0.2406585212252873
0.14209041929777472, 0.2790655782093193, 0.28829394184965784
-0.0065079712881511015, 0.15761467893714315, 0.1438491468519817
-0.31322726313554383, 0.4435117989547746, -0.04123445802823026
0.25579859750374057, -0.13068464680320288, -0.03267901540864125
-0.09666119839745986, 0.049241960590242106, -0.28473443294962786
0.048662813427561916, 0.00525095338178997, -0.020633820548020952
0.10437442518745063, 0.27747121420343046, -0.2338417969225215
0.4382075936122087, -0.0885271784113138, -0.1701172340986729
-0.07554878110888136, -0.4269105915686751, -0.19768748912789402
-0.08539977466072401, -0.03247419062184747, 0.31521913677807484
0.024947319843424482, -0.5101505938771329, 0.18503221519242743
-0.42267294631070595, 0.1383431154484325, 0.13509329364495548
-0.1057113197269523, 0.032117308731237394, 0.3795956142372877
0.15588607670016572, 0.38555014985606245, -0.48556478792767216
-0.16328628960978386, -0.2585278334782421, -0.03729620447442647
-0.10427513530185749, 0.06741315440672661, -0.08522183529193439
0.08801967777588042, -0.33490569302067125, -0.08136606276882774
-0.033863316949060224, -0.18379125856150702, -0.24658520685922944
0.005074775112015321, 0.11817761920118891, 0.37046162528192694
0.07843397471632729, -0.03428231304337627, 0.20963070550055266
0.2592646809199835, 0.04377921201365218, 0.08563419998833072
-0.369099161479637, 0.29884596723589457, -0.09278253122880747
-0.08281907714333522, 0.318069569033854, 0.1884778235623034
-0.0691216370925496, 0.24289777151224012, 0.028573334872952806
-0.17178920000671, -0.09456427241051572, -0.06986640035213021
0.012134215609847527, -0.27468302305358194, -0.30465424330053337
0.2680850740517783, 0.2391307701569412, -0.07522245022732794
0.152575999010706, -0.008890995817802675, -0.12255495967134827
0.10244443501230659, -0.2910629663913404, 0.058136739735180014
0.25630512382965753, -0.00045469605242236147, 0.11649582589660432
0.08846310331575566, 0.01569407685428214, 0.09836772474324541
-0.05608018773820574, -0.011009344760955275, -0.006580573389433164
