steps, temperature, pressure, energy, Q6
0, 1.960, 0.695, 38.31383, 0.35295
50, 2.005, 4.509, 46.08028, 0.09121
100, 1.765, 5.199, 44.48515, 0.08439
150, 2.384, -0.013, 56.72580, 0.08431
200, 1.967, 3.758, 25.20491, 0.09861
250, 2.324, 2.080, 20.44969, 0.08601
300, 1.995, 4.054, 6.69248, 0.13074
350, 2.102, -1.180, 2.89735, 0.11019
400, 2.026, 4.254, 13.00374, 0.10041
450, 1.852, 0.932, -3.27599, 0.10885
500, 1.750, 1.177, -23.77868, 0.09289
550, 1.708, -3.062, -27.38937, 0.04411
600, 1.734, 2.799, -32.71068, 0.08716
650, 1.871, 2.327, -40.03387, 0.10086
700, 1.849, 4.237, -16.99481, 0.09414
750, 1.680, 3.317, -42.38560, 0.08286
800, 2.061, 1.685, 2.04815, 0.05385
850, 1.997, 6.608, -12.06517, 0.07959
900, 1.802, 1.239, -15.71795, 0.08540
950, 2.061, -2.793, -11.91620, 0.08354
