-1.639929365361608, -1.162487119949395, 1.8729424886624297
-0.9922410973419673, -1.0529231683487659, -1.1321393043612291
-0.9544972945820605, -1.5639538206619772, 0.02644039871757098
-0.9698757610186157, -1.7293218396984509, 1.2545860901501689
-1.3562616091129387, -0.2612247489127464, -1.9016976990096035
-0.5673205080436534, 0.0030109155309920865, 0.18831686378987822
1.9585256334588799, -0.7634542215485207, -1.1382317206799706
0.4625375312404385, -0.7163530576540262, -1.9363849784833507
-1.310812051400823, 0.6338229294994715, 0.24786181865059742
1.7286735935332143, 1.3007493392529192, -1.16789302636555
1.9900746264103315, 0.538955058494277, -1.7065674856237174
-0.47468246864373587, -1.0154871777455874, 1.874636386779824
-0.9767820793101278, -1.985120042171225, -1.621315456494841
-0.3149183416286552, 1.7130397783922446, -0.8094428247615038
-1.8242341396527415, 1.579602245356996, 0.5392163681389937
-1.980080936500296, 0.8327229048833162, 1.131434793322815
0.7874802791275943, 1.556715738540717, -0.9213397196061246
-0.14361435070954487, -1.8734585540916693, 0.5865390945956404
-0.20860228287170823, -0.9113681713062505, -0.2778618976215972
-0.0559461044529348, 1.9786563760909757, -1.9560694799872955
-0.6084825428811533, -0.19798328344367588, -0.9054472998189618
0.01400978607569403, -1.4013846687863794, -1.24015984235254
-0.5205418073445993, -0.9698229635958677, 0.7471658783050885
0.5554773497522056, 0.31220911547760766, 1.7126812047974291
-0.015174977256625422, -0.3479519042547494, 1.2187074803900284
0.12572940218885797, 0.6602106223145636, 0.622813463677351
-1.2701219706656586, 0.069006453689747, 1.0811878538154565
-1.265663602657983, 0.9890633552735357, 1.972379403527202
0.4060843911437111, -1.7446559249628573, -0.3094486752645804
-0.603234119124525, 1.3300149438262006, 0.043172040033666814
0.3761311295133192, 1.317837609671567, 1.2735926258299757
-0.7644250159234272, 0.8479814497130618, -1.0655743271657334
1.0201667408489947, -1.118107441065308, -1.1902612971394513
1.0916067707435735, -1.0531140398993193, -0.10333633870035808
0.38665655408178656, -1.2652409406360028, 1.2371855410345742
0.9298517885815794, -1.859745707205887, 1.9778217236456492
-0.3010047819965682, -0.08931036661380043, -1.888972710077343
0.3978979095118853, -0.20206964248680048, -0.832729274164965
1.8503286996836144, -0.310629588663871, 1.4063417343305868
0.9807282376603506, -0.5610074762212673, 1.0175899536924886
0.06927175300969424, 0.921866356245566, -1.7271213825489569
-0.5000872795024764, 0.5656892855308153, 1.4724176990671278
0.5987401116102342, -0.1773368773103181, 0.15114089787711027
1.3225864421535833, -0.17383146476243772, -1.7579674176800415
1.126745203806422, 1.862858049543429, 1.027525787171042
1.5081788843984913, -1.972414778807976, -0.3260029518291385
0.6868835979434134, 1.446909111270239, 0.2531717049262947
-0.88728147327173, 1.300056406421306, 0.9692692464249544
1.9758449054915492, -1.7340994052775631, -1.4126752323418454
0.9946659386081342, 0.5369071091740976, -1.203130778020281
-1.472259967881718, -0.933304218063709, 0.7362724261376905
-1.9794421721202324, 1.8430433354916183, 1.5082365299700697
1.5028395985318923, -0.12403141281045116, -0.5760712077593868
-1.410763321418695, -0.4171593797561872, -0.2170737457716032
1.6964758823630284, -0.29244052469070203, 0.3377696613445158
1.4024217131086605, -1.0994192765863708, 1.7418732343266634
1.1400942078554865, 1.1676798038977383, 1.7347989225159042
0.0661248387391069, 0.590257416629377, -0.41506263123121734
1.5089522001295341, 0.8343633115930191, -0.20294500165171758
-1.6071775926268241, 0.5394099021648149, -0.7669122657492555
-1.3051478612100125, 1.550348468868454, -0.6662224091341225
-1.9091952309662927, -1.233379134359855, -0.26182261344472124
1.662088268919288, -1.214707666315026, 0.7078424399801655
1.185406284728567, 0.48474656803437055, 0.8707027967504581
