steps, temperature, pressure, energy, Q6
1, 0.994, 0.266, 33.61866, 0.00000
steps, temperature, pressure, energy, Q6
1, 0.994, 0.266, 33.61866, 0.00000
steps, temperature, pressure, energy, Q6
1, 0.994, 0.266, 33.61866, 0.00000
steps, temperature, pressure, energy, Q6
1, 0.994, 0.266, 33.61866, 0.00000
51, 0.565, 0.014, -20.90183, 0.19910
101, 0.449, -0.089, -47.32812, 0.16799
151, 0.275, 0.178, -75.52640, 0.10487
201, 0.230, 0.129, -86.55007, 0.10094
251, 0.214, 0.133, -96.94556, 0.12774
301, 0.191, 0.127, -109.96990, 0.12029
351, 0.188, 0.300, -120.01637, 0.14293
401, 0.185, -0.007, -128.85158, 0.14925
451, 0.221, 0.214, -135.45611, 0.11554
501, 0.212, -0.212, -144.12285, 0.08847
551, 0.234, 0.111, -153.38336, 0.09128
601, 0.202, 0.050, -163.99888, 0.09498
651, 0.241, 0.185, -170.02757, 0.10966
701, 0.164, 0.167, -180.28476, 0.13370
751, 0.147, -0.001, -187.13330, 0.13015
801, 0.157, 0.091, -195.87645, 0.14678
851, 0.111, -0.108, -202.39010, 0.17016
901, 0.104, 0.046, -208.88033, 0.17397
951, 0.087, -0.052, -215.23993, 0.18706
1001, 0.083, 0.020, -219.05312, 0.17623
1051, 0.086, 0.005, -223.21881, 0.16301
1101, 0.088, 0.084, -227.26561, 0.12795
1151, 0.067, 0.036, -234.95739, 0.11319
1201, 0.092, 0.021, -237.88405, 0.11896
1251, 0.077, 0.010, -242.07153, 0.11451
1301, 0.082, -0.221, -245.78935, 0.10557
1351, 0.077, 0.247, -250.51685, 0.10082
1401, 0.092, 0.163, -252.86565, 0.09641
1451, 0.078, -0.129, -256.66800, 0.10977
1501, 0.091, 0.107, -259.48325, 0.09695
1551, 0.091, 0.152, -263.17663, 0.08948
1601, 0.064, 0.053, -267.20561, 0.07847
1651, 0.063, 0.033, -269.96774, 0.08944
1701, 0.063, 0.040, -272.32429, 0.08864
1751, 0.044, -0.059, -275.04494, 0.08812
1801, 0.035, -0.001, -277.80288, 0.09519
1851, 0.026, 0.119, -280.04532, 0.08954
1901, 0.025, -0.005, -280.99404, 0.07999
1951, 0.021, 0.104, -281.93315, 0.07724
