steps, temperature, pressure, energy, Q6
1, 0.993, 1.051, -617.87372, 0.57408
51, 0.428, 0.481, -655.85303, 0.53893
steps, temperature, pressure, energy, Q6
1, 0.994, 0.262, 33.61866, 0.00000
51, 0.565, 0.147, -20.90183, 0.34756
101, 0.449, 0.115, -47.32812, 0.24854
151, 0.275, 0.074, -75.52640, 0.14604
201, 0.230, 0.062, -86.55007, 0.18148
251, 0.214, 0.058, -96.94556, 0.28261
301, 0.191, 0.052, -109.96990, 0.24278
351, 0.188, 0.053, -120.01637, 0.23187
401, 0.185, 0.048, -128.85158, 0.28293
451, 0.221, 0.061, -135.45611, 0.16071
steps, temperature, pressure, energy, Q6
1, 0.994, 0.262, 33.61866, 0.00000
51, 0.565, 0.147, -20.90183, 0.22249
101, 0.449, 0.115, -47.32812, 0.16684
151, 0.275, 0.074, -75.52640, 0.10944
201, 0.230, 0.062, -86.55007, 0.10948
251, 0.214, 0.058, -96.94556, 0.11813
301, 0.191, 0.052, -109.96990, 0.10091
351, 0.188, 0.053, -120.01637, 0.12815
401, 0.185, 0.048, -128.85158, 0.14362
451, 0.221, 0.061, -135.45611, 0.10557
501, 0.212, 0.052, -144.12285, 0.08922
551, 0.234, 0.062, -153.38336, 0.09358
steps, temperature, pressure, energy, Q6
1, 0.994, 0.262, 33.61866, 0.00000
51, 0.565, 0.147, -20.90183, 0.19804
101, 0.449, 0.115, -47.32812, 0.16946
151, 0.275, 0.074, -75.52640, 0.10788
201, 0.230, 0.062, -86.55007, 0.09486
251, 0.214, 0.058, -96.94556, 0.13655
301, 0.191, 0.052, -109.96990, 0.11946
351, 0.188, 0.053, -120.01637, 0.14191
401, 0.185, 0.048, -128.85158, 0.15171
451, 0.221, 0.061, -135.45611, 0.11554
501, 0.212, 0.052, -144.12285, 0.08847
551, 0.234, 0.062, -153.38336, 0.09152
601, 0.202, 0.053, -163.99888, 0.09114
651, 0.241, 0.065, -170.02757, 0.11035
701, 0.164, 0.045, -180.28476, 0.13148
751, 0.147, 0.038, -187.13330, 0.13161
801, 0.157, 0.042, -195.87645, 0.14832
851, 0.111, 0.027, -202.39010, 0.17016
901, 0.104, 0.028, -208.88033, 0.17428
951, 0.087, 0.022, -215.23993, 0.18706
1001, 0.083, 0.022, -219.05312, 0.17466
1051, 0.086, 0.022, -223.21881, 0.16275
1101, 0.088, 0.024, -227.26561, 0.12795
1151, 0.067, 0.018, -234.95739, 0.11457
1201, 0.092, 0.024, -237.88405, 0.11896
1251, 0.077, 0.020, -242.07153, 0.11451
1301, 0.082, 0.018, -245.78935, 0.10557
1351, 0.077, 0.024, -250.51685, 0.10073
1401, 0.092, 0.026, -252.86565, 0.09533
1451, 0.078, 0.018, -256.66800, 0.10977
1501, 0.091, 0.025, -259.48325, 0.09552
1551, 0.091, 0.026, -263.17663, 0.08853
steps, temperature, pressure, energy, Q6
1, 0.994, 0.266, 33.61866, 0.00000
51, 0.565, 0.014, -20.90183, 0.19804
101, 0.449, -0.089, -47.32812, 0.16946
151, 0.275, 0.178, -75.52640, 0.10788
201, 0.230, 0.129, -86.55007, 0.09486
251, 0.214, 0.133, -96.94556, 0.13655
301, 0.191, 0.127, -109.96990, 0.11946
351, 0.188, 0.300, -120.01637, 0.14191
401, 0.185, -0.007, -128.85158, 0.15171
451, 0.221, 0.214, -135.45611, 0.11554
501, 0.212, -0.212, -144.12285, 0.08847
551, 0.234, 0.111, -153.38336, 0.09152
601, 0.202, 0.050, -163.99888, 0.09114
651, 0.241, 0.185, -170.02757, 0.11035
701, 0.164, 0.167, -180.28476, 0.13148
751, 0.147, -0.001, -187.13330, 0.13161
801, 0.157, 0.091, -195.87645, 0.14832
851, 0.111, -0.108, -202.39010, 0.17016
901, 0.104, 0.046, -208.88033, 0.17428
951, 0.087, -0.052, -215.23993, 0.18706
1001, 0.083, 0.020, -219.05312, 0.17466
1051, 0.086, 0.005, -223.21881, 0.16275
1101, 0.088, 0.084, -227.26561, 0.12795
1151, 0.067, 0.036, -234.95739, 0.11457
1201, 0.092, 0.021, -237.88405, 0.11896
1251, 0.077, 0.010, -242.07153, 0.11451
1301, 0.082, -0.221, -245.78935, 0.10557
1351, 0.077, 0.247, -250.51685, 0.10073
1401, 0.092, 0.163, -252.86565, 0.09533
1451, 0.078, -0.129, -256.66800, 0.10977
1501, 0.091, 0.107, -259.48325, 0.09552
1551, 0.091, 0.152, -263.17663, 0.08853
1601, 0.064, 0.053, -267.20561, 0.07847
1651, 0.063, 0.033, -269.96774, 0.08944
1701, 0.063, 0.040, -272.32429, 0.08864
1751, 0.044, -0.059, -275.04494, 0.08804
1801, 0.035, -0.001, -277.80288, 0.09519
1851, 0.026, 0.119, -280.04532, 0.08954
1901, 0.025, -0.005, -280.99404, 0.07999
1951, 0.021, 0.104, -281.93315, 0.07730
2001, 0.021, -0.044, -282.75469, 0.07997
2051, 0.037, 0.075, -283.36018, 0.08279
2101, 0.047, -0.045, -284.29079, 0.08413
2151, 0.021, 0.045, -287.56168, 0.08047
2201, 0.022, 0.007, -288.58407, 0.08352
2251, 0.020, -0.068, -289.21991, 0.07654
2301, 0.011, 0.007, -290.43357, 0.06858
2351, 0.014, -0.047, -290.89060, 0.06276
2401, 0.011, 0.024, -291.61331, 0.05721
2451, 0.009, 0.042, -292.19719, 0.05658
2501, 0.010, -0.015, -292.56611, 0.05643
2551, 0.009, 0.070, -293.15544, 0.05319
2601, 0.010, 0.056, -293.39213, 0.05769
2651, 0.011, 0.052, -293.75502, 0.06180
2701, 0.009, -0.060, -293.99232, 0.06200
2751, 0.007, 0.012, -294.22646, 0.06275
2801, 0.005, 0.057, -294.58729, 0.05840
2851, 0.004, -0.041, -294.80223, 0.05619
2901, 0.004, 0.002, -294.93514, 0.05668
2951, 0.003, -0.004, -295.13185, 0.05612
3001, 0.002, 0.033, -295.30522, 0.05749
3051, 0.002, -0.001, -295.40745, 0.05692
3101, 0.001, 0.005, -295.48920, 0.05636
3151, 0.001, -0.012, -295.58066, 0.05739
3201, 0.001, 0.019, -295.63637, 0.06088
3251, 0.001, -0.000, -295.69174, 0.06051
3301, 0.001, 0.009, -295.73261, 0.06027
3351, 0.001, 0.006, -295.77423, 0.05940
3401, 0.001, 0.012, -295.80788, 0.06080
3451, 0.001, -0.001, -295.85641, 0.06211
3501, 0.002, -0.004, -295.88675, 0.06378
3551, 0.002, 0.016, -295.95141, 0.06386
3601, 0.002, 0.027, -296.03793, 0.06565
3651, 0.002, -0.010, -296.13566, 0.07103
3701, 0.003, 0.020, -296.22953, 0.07322
3751, 0.004, -0.009, -296.34983, 0.08071
3801, 0.005, 0.004, -296.48778, 0.08589
3851, 0.006, -0.007, -296.64731, 0.09167
3901, 0.005, 0.029, -296.86352, 0.08881
3951, 0.006, -0.023, -297.08953, 0.09123
4001, 0.005, 0.007, -297.37242, 0.09238
4051, 0.004, -0.005, -297.63414, 0.08953
4101, 0.003, 0.011, -297.80109, 0.08758
4151, 0.003, 0.003, -297.90825, 0.08601
4201, 0.003, -0.012, -298.02977, 0.08279
4251, 0.003, -0.021, -298.10099, 0.08174
4301, 0.002, 0.022, -298.28787, 0.08194
4351, 0.003, -0.008, -298.37002, 0.08394
4401, 0.003, 0.007, -298.53006, 0.08090
4451, 0.004, -0.000, -298.70626, 0.08218
4501, 0.004, -0.002, -298.91235, 0.08391
4551, 0.005, -0.001, -299.18529, 0.08488
4601, 0.006, 0.013, -299.34027, 0.08522
4651, 0.007, 0.004, -299.68634, 0.09090
4701, 0.012, -0.011, -300.04249, 0.09204
4751, 0.009, -0.036, -300.74543, 0.09713
4801, 0.008, 0.097, -301.05617, 0.10126
4851, 0.008, -0.013, -301.42518, 0.10330
4901, 0.007, -0.015, -301.76999, 0.10528
4951, 0.006, 0.029, -302.15769, 0.10351
